% SCRIPT golfo.m
% genera le coordinate di punti sul contorno del golfo di Napoli.
%
xgolfo=[2 4 4.5 5 7 9 10 12 14.3 17 19 20 23 24 26 30.3 32 34 ...
      35.7 37 38 37 29 26 25 20 14 12 12 15 20 25 30 36];
ygolfo=[36 32 29 26 24.8 26 29 32 31 29.5 31 33 35 34 35.5 32 29 ...
      25 21 20 16 12 10 9.5 8 7 5.5 3 1 1 2 2.3 3 2];
